0
199
1 0
3 150
4 7277
5 7395
7 7514
8 7633
9 7752
10 7811
15 7930
17 8046
18 8165
19 8284
20 8403
21 8522
22 8641
24 8760
26 8879
28 9058
30 9176
32 9295
34 9414
36 9533
38 9652
39 9771
40 9950
42 10069
43 10188
45 10307
47 10425
48 10544
49 10782
50 10841
51 10960
52 11079
53 11198
54 11317
55 11435
57 11673
59 11732
60 11851
61 11970
63 12089
65 12208
67 12327
68 12446
69 12565
71 12684
73 12803
74 12922
75 13041
76 13160
77 13279
78 13339
80 13457
82 13576
83 13695
84 13814
85 13933
87 14052
89 14171
90 14290
92 14409
94 14528
95 14647
97 14766
99 14826
100 15064
101 19062
102 19264
105 19265
112 19405
113 20009
114 26499
115 30139
117 30257
119 32822
121 36343
123 36460
125 36843
127 41918
129 48371
131 48431
137 50522
138 50566
139 61062
140 62550
142 67671
143 67850
145 75473
146 75830
147 80117
148 86133
149 86192
151 86251
152 86370
154 86668
155 104652
156 105785
157 108069
163 108070
169 119587
176 119736
177 120770
178 120889
179 121008
180 121126
182 121245
184 121364
185 121424
186 121543
188 121662
190 121780
191 126495
193 127447
198 128043
200 128993
202 129289
204 130360
205 131848
206 139529
207 140898
208 141731
209 142148
211 142565
212 143160
214 148276
215 158879
216 163112
217 163228
218 167404
219 168177
220 169251
223 170684
224 171813
226 177391
227 179575
228 182843
229 193428
230 195390
231 195628
232 195688
233 204608
234 206570
235 218287
236 218525
237 218762
238 218881
239 219417
240 219536
241 219654
242 219832
243 219951
244 220189
245 220308
246 220486
247 220605
248 220784
249 220962
250 221141
251 221260
252 221437
253 221497
254 221735
255 239208
257 239506
258 244422
262 245279
264 246660
265 247352
270 247353
271 255934
272 256231
274 256350
276 256468
277 256587
278 256706
279 256825
281 256944
283 257063
285 257182
286 257301
288 257420
289 257539
291 257658
293 257777
294 257896
295 258015
297 258075
299 258193
301 258312
302 258431
303 258550
305 258669
306 258788
307 258907
309 259026
310 260694
311 260753
313 260812
